' 11. 11611 1161111111. 53

1111616111, 5, 63.
Anti 11616611Π, 1, 53.
Apo 611,6,11.1,16.6,16
6661166661, 7, 3. ΙΙ, 1, 33.

1166111, 6, 4. 111, 6, 61. 1111,

1113111, 7, 11.

41616611111, 143.
616616661111 1,142.
Armenius I, 5’, 36. Π1,6, 15.
1116116661111, 8, 4.

Artacie IIII, l, 60.
Arupinuslffl, 1,110
Amnius Π, 5, 56.

43661116 ΠΙ, 2, 24, Assyrius I,

41166661111, 1, 77.
Α11111,7,4.
11616161, 3,33.
Α661611,’ 1, 47.
Β6661166Ἰ, ’2, 3,4,7
41. 9,.’34 61, Π,1,.53
63. 64. 5, 37. II'4I„ 4,

7,.37 7, 39.
5. 3,
44. 44
6, 6. 1161. 111 6161
Baiae ΙΙΙ, 5 3
Β6Ποι161’,6’,45
Britannus IIII 1,143.
(1611111666 ΙΙΙ, 6, 2’4.
Calyp 661111,’ 1, 77.
Camena IIlI 1', 24. 131. 7, 3.
(1311131151,’9,’33.

0611161, 1, ’37.4,6.,ΙΙῙ 5,.3
1111‚1,11'.

0611161661, 7,12.
(5116166111, 3, 14

(1116161166 ΠΙ,1 16.
Catullus, Q. 1761616116, ΠΙ, 6,
(1615616613, 71. 13, 36
(16166 Ι, 1, 15. Π, 1, 4. 5, 58.
84.ΠΙΙ,1,163.
(1611611166Π113, 11. 4, 15 5,
1. 6. 6, 1. 11, ’1.
charybdium, l, 73.
Chimaeralll, 4, 86.
01116611, 1, 28.

Choaspes 1111 1, 140.

(116666611Π, 4, 64.

’ 611111,,.,161116.

(111116161166111,Ι 5, 24. 1111, 1,
(1116611, 4, 55. ΙΙΠ, 1, 61.
(1611111166 ΙἸ, 2, 3. 3, 1,
(166611, 3, 53. 4, 39.
CresIlII, 1. 3.

Cumanus ll, 3, 48.
06111611 4, 6’7. 3, 33. 5, 107.
Cy 661, 7, 13.
0111111166ἸΙΙ, 4, 50.
0166111664.

Cyrus ΙΙΙΙ 1, ’141
65453441’114 7 3
11666661, 3, 73.

Decor IIII 2, 8,

Delial, 1, ¹’.57 61. 68. 3, 15. 31.
11.,3’9.’,,.,’..33399353133
6, 5. 55. 85.

11616611, 3, 27. 0611661114
73. 6, 8. D'laelia= 1116661111,
1161611666Ιῖ, 3, 27.
1116116. IIII 3, 43.

Dic 111161, 4, 25.

Dis Π,,138.3,38.5,33.
Eleus 1, 4, 61.

Elysius I, 3, 58111, 5, 23.
1166611, 2, 16. Ill, 2, 24. ΠΙΙ,
Ε1Ἰ 61161111, 1, 11.
3111116666 ΠΙ 3, 17.
1666616111 5, 1.

11611161, 4, 4’4. ’5, 35.
1616161161, 3, 34. Il, 1, 37111,
16161, 5, 70.

Fortuna III 3, 33. ΙΠΙ, 4182.
661116 IIII ’1, ’138
(16166116Ιῖ 7, 11

(16111661, 7, 43. II, 2, 5. ΙΙΙΙ,,5

6444'1111‚1,146.
(1116616111, ’6, 33.

‘ (11616611,’5,’68.

(1]11Ερ66ἸΙΙΙ, l, 133.
Gyn 661111,141.
Η66616111661,’ 6, 46.

 

